0 0.43896484375 0.4599609375 0.0126953125 0.05078125
0 0.34521484375 0.4638671875 0.0966796875 0.109375
0 0.759521484375 0.47265625 0.07568359375 0.056640625
0 0.393798828125 0.4560546875 0.02001953125 0.04296875
0 0.927001953125 0.47802734375 0.03662109375 0.0185546875
0 0.109130859375 0.45361328125 0.07763671875 0.0712890625
0 0.978271484375 0.494140625 0.04150390625 0.037109375
0 0.874755859375 0.46728515625 0.06982421875 0.0576171875
0 0.9072265625 0.4794921875 0.02734375 0.109375
0 0.93408203125 0.48681640625 0.041015625 0.0263671875
0 0.90673828125 0.49462890625 0.0185546875 0.0771484375
0 0.77392578125 0.46044921875 0.072265625 0.0517578125
0 0.447509765625 0.458984375 0.01611328125 0.052734375
